Names:
a0 a1 a2 b0 b1 b2 a0b0 a0b1 a0b2 a1b0 a1b1 a1b2 a2b0 a2b1 a2b2 a0a1 a0a2 b0b1 b0b2 a0b0b1 a0b0b2 a1b0b1 a1b0b2 a2b0b1 a2b0b2 a0a1b0 a0a2b0 a0a1b1 a0a2b1 a0a1b2 a0a2b2 a0a1b0b1 a0a1b0b2 a0a2b0b1 a0a2b0b2

Maps:
a0 a2 a1 b0 b1 b2 a0b0 a0b1 a0b2 a2b0 a2b1 a2b2 a1b0 a1b1 a1b2 a0a2 a0a1 b0b1 b0b2 a0b0b1 a0b0b2 a2b0b1 a2b0b2 a1b0b1 a1b0b2 a0a2b0 a0a1b0 a0a2b1 a0a1b1 a0a2b2 a0a1b2 a0a2b0b1 a0a2b0b2 a0a1b0b1 a0a1b0b2
a0 a1 a2 b0 b2 b1 a0b0 a0b2 a0b1 a1b0 a1b2 a1b1 a2b0 a2b2 a2b1 a0a1 a0a2 b0b2 b0b1 a0b0b2 a0b0b1 a1b0b2 a1b0b1 a2b0b2 a2b0b1 a0a1b0 a0a2b0 a0a1b2 a0a2b2 a0a1b1 a0a2b1 a0a1b0b2 a0a1b0b1 a0a2b0b2 a0a2b0b1
b0 b1 b2 a0 a1 a2 a0b0 a1b0 a2b0 a0b1 a1b1 a2b1 a0b2 a1b2 a2b2 b0b1 b0b2 a0a1 a0a2 a0a1b0 a0a2b0 a0a1b1 a0a2b1 a0a1b2 a0a2b2 a0b0b1 a0b0b2 a1b0b1 a1b0b2 a2b0b1 a2b0b2 a0a1b0b1 a0a2b0b1 a0a1b0b2 a0a2b0b2

-a0 a1 a2 b0 b1 b2 -a0b0 -a0b1 -a0b2 a1b0 a1b1 a1b2 a2b0 a2b1 a2b2 -a0a1 -a0a2 b0b1 b0b2 -a0b0b1 -a0b0b2 a1b0b1 a1b0b2 a2b0b1 a2b0b2 -a0a1b0 -a0a2b0 -a0a1b1 -a0a2b1 -a0a1b2 -a0a2b2 -a0a1b0b1 -a0a1b0b2 -a0a2b0b1 -a0a2b0b2
a0 -a1 a2 b0 b1 b2 a0b0 a0b1 a0b2 -a1b0 -a1b1 -a1b2 a2b0 a2b1 a2b2 -a0a1 a0a2 b0b1 b0b2 a0b0b1 a0b0b2 -a1b0b1 -a1b0b2 a2b0b1 a2b0b2 -a0a1b0 a0a2b0 -a0a1b1 a0a2b1 -a0a1b2 a0a2b2 -a0a1b0b1 -a0a1b0b2 a0a2b0b1 a0a2b0b2
a0 a1 -a2 b0 b1 b2 a0b0 a0b1 a0b2 a1b0 a1b1 a1b2 -a2b0 -a2b1 -a2b2 a0a1 -a0a2 b0b1 b0b2 a0b0b1 a0b0b2 a1b0b1 a1b0b2 -a2b0b1 -a2b0b2 a0a1b0 -a0a2b0 a0a1b1 -a0a2b1 a0a1b2 -a0a2b2 a0a1b0b1 a0a1b0b2 -a0a2b0b1 -a0a2b0b2
a0 a1 a2 -b0 b1 b2 -a0b0 a0b1 a0b2 -a1b0 a1b1 a1b2 -a2b0 a2b1 a2b2 a0a1 a0a2 -b0b1 -b0b2 -a0b0b1 -a0b0b2 -a1b0b1 -a1b0b2 -a2b0b1 -a2b0b2 -a0a1b0 -a0a2b0 a0a1b1 a0a2b1 a0a1b2 a0a2b2 -a0a1b0b1 -a0a1b0b2 -a0a2b0b1 -a0a2b0b2
a0 a1 a2 b0 -b1 b2 a0b0 -a0b1 a0b2 a1b0 -a1b1 a1b2 a2b0 -a2b1 a2b2 a0a1 a0a2 -b0b1 b0b2 -a0b0b1 a0b0b2 -a1b0b1 a1b0b2 -a2b0b1 a2b0b2 a0a1b0 a0a2b0 -a0a1b1 -a0a2b1 a0a1b2 a0a2b2 -a0a1b0b1 a0a1b0b2 -a0a2b0b1 a0a2b0b2
a0 a1 a2 b0 b1 -b2 a0b0 a0b1 -a0b2 a1b0 a1b1 -a1b2 a2b0 a2b1 -a2b2 a0a1 a0a2 b0b1 -b0b2 a0b0b1 -a0b0b2 a1b0b1 -a1b0b2 a2b0b1 -a2b0b2 a0a1b0 a0a2b0 a0a1b1 a0a2b1 -a0a1b2 -a0a2b2 a0a1b0b1 -a0a1b0b2 a0a2b0b1 -a0a2b0b2

Vertices:
-1 -1 -1 -1 -1 -1 1 1 1 1 1 1 1 1 1 1 1 1 1 -1 -1 -1 -1 -1 -1 -1 -1 -1 -1 -1 -1 1 1 1 1
-1 -1 -1 -1 -1 1 1 1 -1 1 1 -1 1 1 -1 1 1 1 -1 -1 1 -1 1 -1 1 -1 -1 -1 -1 1 1 1 -1 1 -1
-1 -1 -1 -1 1 -1 1 -1 1 1 -1 1 1 -1 1 1 1 -1 1 1 -1 1 -1 1 -1 -1 -1 1 1 -1 -1 -1 1 -1 1
-1 -1 -1 -1 1 1 1 -1 -1 1 -1 -1 1 -1 -1 1 1 -1 -1 1 1 1 1 1 1 -1 -1 1 1 1 1 -1 -1 -1 -1
-1 -1 -1 1 -1 -1 -1 1 1 -1 1 1 -1 1 1 1 1 -1 -1 1 1 1 1 1 1 1 1 -1 -1 -1 -1 -1 -1 -1 -1
-1 -1 -1 1 -1 1 -1 1 -1 -1 1 -1 -1 1 -1 1 1 -1 1 1 -1 1 -1 1 -1 1 1 -1 -1 1 1 -1 1 -1 1
-1 -1 -1 1 1 -1 -1 -1 1 -1 -1 1 -1 -1 1 1 1 1 -1 -1 1 -1 1 -1 1 1 1 1 1 -1 -1 1 -1 1 -1
-1 -1 -1 1 1 1 -1 -1 -1 -1 -1 -1 -1 -1 -1 1 1 1 1 -1 -1 -1 -1 -1 -1 1 1 1 1 1 1 1 1 1 1
-1 -1 1 -1 -1 -1 1 1 1 1 1 1 -1 -1 -1 1 -1 1 1 -1 -1 -1 -1 1 1 -1 1 -1 1 -1 1 1 1 -1 -1
-1 -1 1 -1 -1 1 1 1 -1 1 1 -1 -1 -1 1 1 -1 1 -1 -1 1 -1 1 1 -1 -1 1 -1 1 1 -1 1 -1 -1 1
-1 -1 1 -1 1 -1 1 -1 1 1 -1 1 -1 1 -1 1 -1 -1 1 1 -1 1 -1 -1 1 -1 1 1 -1 -1 1 -1 1 1 -1
-1 -1 1 -1 1 1 1 -1 -1 1 -1 -1 -1 1 1 1 -1 -1 -1 1 1 1 1 -1 -1 -1 1 1 -1 1 -1 -1 -1 1 1
-1 -1 1 1 -1 -1 -1 1 1 -1 1 1 1 -1 -1 1 -1 -1 -1 1 1 1 1 -1 -1 1 -1 -1 1 -1 1 -1 -1 1 1
-1 -1 1 1 -1 1 -1 1 -1 -1 1 -1 1 -1 1 1 -1 -1 1 1 -1 1 -1 -1 1 1 -1 -1 1 1 -1 -1 1 1 -1
-1 -1 1 1 1 -1 -1 -1 1 -1 -1 1 1 1 -1 1 -1 1 -1 -1 1 -1 1 1 -1 1 -1 1 -1 -1 1 1 -1 -1 1
-1 -1 1 1 1 1 -1 -1 -1 -1 -1 -1 1 1 1 1 -1 1 1 -1 -1 -1 -1 1 1 1 -1 1 -1 1 -1 1 1 -1 -1
-1 1 -1 -1 -1 -1 1 1 1 -1 -1 -1 1 1 1 -1 1 1 1 -1 -1 1 1 -1 -1 1 -1 1 -1 1 -1 -1 -1 1 1
-1 1 -1 -1 -1 1 1 1 -1 -1 -1 1 1 1 -1 -1 1 1 -1 -1 1 1 -1 -1 1 1 -1 1 -1 -1 1 -1 1 1 -1
-1 1 -1 -1 1 -1 1 -1 1 -1 1 -1 1 -1 1 -1 1 -1 1 1 -1 -1 1 1 -1 1 -1 -1 1 1 -1 1 -1 -1 1
-1 1 -1 -1 1 1 1 -1 -1 -1 1 1 1 -1 -1 -1 1 -1 -1 1 1 -1 -1 1 1 1 -1 -1 1 -1 1 1 1 -1 -1
-1 1 -1 1 -1 -1 -1 1 1 1 -1 -1 -1 1 1 -1 1 -1 -1 1 1 -1 -1 1 1 -1 1 1 -1 1 -1 1 1 -1 -1
-1 1 -1 1 -1 1 -1 1 -1 1 -1 1 -1 1 -1 -1 1 -1 1 1 -1 -1 1 1 -1 -1 1 1 -1 -1 1 1 -1 -1 1
-1 1 -1 1 1 -1 -1 -1 1 1 1 -1 -1 -1 1 -1 1 1 -1 -1 1 1 -1 -1 1 -1 1 -1 1 1 -1 -1 1 1 -1
-1 1 -1 1 1 1 -1 -1 -1 1 1 1 -1 -1 -1 -1 1 1 1 -1 -1 1 1 -1 -1 -1 1 -1 1 -1 1 -1 -1 1 1
-1 1 1 -1 -1 -1 1 1 1 -1 -1 -1 -1 -1 -1 -1 -1 1 1 -1 -1 1 1 1 1 1 1 1 1 1 1 -1 -1 -1 -1
-1 1 1 -1 -1 1 1 1 -1 -1 -1 1 -1 -1 1 -1 -1 1 -1 -1 1 1 -1 1 -1 1 1 1 1 -1 -1 -1 1 -1 1
-1 1 1 -1 1 -1 1 -1 1 -1 1 -1 -1 1 -1 -1 -1 -1 1 1 -1 -1 1 -1 1 1 1 -1 -1 1 1 1 -1 1 -1
-1 1 1 -1 1 1 1 -1 -1 -1 1 1 -1 1 1 -1 -1 -1 -1 1 1 -1 -1 -1 -1 1 1 -1 -1 -1 -1 1 1 1 1
-1 1 1 1 -1 -1 -1 1 1 1 -1 -1 1 -1 -1 -1 -1 -1 -1 1 1 -1 -1 -1 -1 -1 -1 1 1 1 1 1 1 1 1
-1 1 1 1 -1 1 -1 1 -1 1 -1 1 1 -1 1 -1 -1 -1 1 1 -1 -1 1 -1 1 -1 -1 1 1 -1 -1 1 -1 1 -1
-1 1 1 1 1 -1 -1 -1 1 1 1 -1 1 1 -1 -1 -1 1 -1 -1 1 1 -1 1 -1 -1 -1 -1 -1 1 1 -1 1 -1 1
-1 1 1 1 1 1 -1 -1 -1 1 1 1 1 1 1 -1 -1 1 1 -1 -1 1 1 1 1 -1 -1 -1 -1 -1 -1 -1 -1 -1 -1
1 -1 -1 -1 -1 -1 -1 -1 -1 1 1 1 1 1 1 -1 -1 1 1 1 1 -1 -1 -1 -1 1 1 1 1 1 1 -1 -1 -1 -1
1 -1 -1 -1 -1 1 -1 -1 1 1 1 -1 1 1 -1 -1 -1 1 -1 1 -1 -1 1 -1 1 1 1 1 1 -1 -1 -1 1 -1 1
1 -1 -1 -1 1 -1 -1 1 -1 1 -1 1 1 -1 1 -1 -1 -1 1 -1 1 1 -1 1 -1 1 1 -1 -1 1 1 1 -1 1 -1
1 -1 -1 -1 1 1 -1 1 1 1 -1 -1 1 -1 -1 -1 -1 -1 -1 -1 -1 1 1 1 1 1 1 -1 -1 -1 -1 1 1 1 1
1 -1 -1 1 -1 -1 1 -1 -1 -1 1 1 -1 1 1 -1 -1 -1 -1 -1 -1 1 1 1 1 -1 -1 1 1 1 1 1 1 1 1
1 -1 -1 1 -1 1 1 -1 1 -1 1 -1 -1 1 -1 -1 -1 -1 1 -1 1 1 -1 1 -1 -1 -1 1 1 -1 -1 1 -1 1 -1
1 -1 -1 1 1 -1 1 1 -1 -1 -1 1 -1 -1 1 -1 -1 1 -1 1 -1 -1 1 -1 1 -1 -1 -1 -1 1 1 -1 1 -1 1
1 -1 -1 1 1 1 1 1 1 -1 -1 -1 -1 -1 -1 -1 -1 1 1 1 1 -1 -1 -1 -1 -1 -1 -1 -1 -1 -1 -1 -1 -1 -1
1 -1 1 -1 -1 -1 -1 -1 -1 1 1 1 -1 -1 -1 -1 1 1 1 1 1 -1 -1 1 1 1 -1 1 -1 1 -1 -1 -1 1 1
1 -1 1 -1 -1 1 -1 -1 1 1 1 -1 -1 -1 1 -1 1 1 -1 1 -1 -1 1 1 -1 1 -1 1 -1 -1 1 -1 1 1 -1
1 -1 1 -1 1 -1 -1 1 -1 1 -1 1 -1 1 -1 -1 1 -1 1 -1 1 1 -1 -1 1 1 -1 -1 1 1 -1 1 -1 -1 1
1 -1 1 -1 1 1 -1 1 1 1 -1 -1 -1 1 1 -1 1 -1 -1 -1 -1 1 1 -1 -1 1 -1 -1 1 -1 1 1 1 -1 -1
1 -1 1 1 -1 -1 1 -1 -1 -1 1 1 1 -1 -1 -1 1 -1 -1 -1 -1 1 1 -1 -1 -1 1 1 -1 1 -1 1 1 -1 -1
1 -1 1 1 -1 1 1 -1 1 -1 1 -1 1 -1 1 -1 1 -1 1 -1 1 1 -1 -1 1 -1 1 1 -1 -1 1 1 -1 -1 1
1 -1 1 1 1 -1 1 1 -1 -1 -1 1 1 1 -1 -1 1 1 -1 1 -1 -1 1 1 -1 -1 1 -1 1 1 -1 -1 1 1 -1
1 -1 1 1 1 1 1 1 1 -1 -1 -1 1 1 1 -1 1 1 1 1 1 -1 -1 1 1 -1 1 -1 1 -1 1 -1 -1 1 1
1 1 -1 -1 -1 -1 -1 -1 -1 -1 -1 -1 1 1 1 1 -1 1 1 1 1 1 1 -1 -1 -1 1 -1 1 -1 1 1 1 -1 -1
1 1 -1 -1 -1 1 -1 -1 1 -1 -1 1 1 1 -1 1 -1 1 -1 1 -1 1 -1 -1 1 -1 1 -1 1 1 -1 1 -1 -1 1
1 1 -1 -1 1 -1 -1 1 -1 -1 1 -1 1 -1 1 1 -1 -1 1 -1 1 -1 1 1 -1 -1 1 1 -1 -1 1 -1 1 1 -1
1 1 -1 -1 1 1 -1 1 1 -1 1 1 1 -1 -1 1 -1 -1 -1 -1 -1 -1 -1 1 1 -1 1 1 -1 1 -1 -1 -1 1 1
1 1 -1 1 -1 -1 1 -1 -1 1 -1 -1 -1 1 1 1 -1 -1 -1 -1 -1 -1 -1 1 1 1 -1 -1 1 -1 1 -1 -1 1 1
1 1 -1 1 -1 1 1 -1 1 1 -1 1 -1 1 -1 1 -1 -1 1 -1 1 -1 1 1 -1 1 -1 -1 1 1 -1 -1 1 1 -1
1 1 -1 1 1 -1 1 1 -1 1 1 -1 -1 -1 1 1 -1 1 -1 1 -1 1 -1 -1 1 1 -1 1 -1 -1 1 1 -1 -1 1
1 1 -1 1 1 1 1 1 1 1 1 1 -1 -1 -1 1 -1 1 1 1 1 1 1 -1 -1 1 -1 1 -1 1 -1 1 1 -1 -1
1 1 1 -1 -1 -1 -1 -1 -1 -1 -1 -1 -1 -1 -1 1 1 1 1 1 1 1 1 1 1 -1 -1 -1 -1 -1 -1 1 1 1 1
1 1 1 -1 -1 1 -1 -1 1 -1 -1 1 -1 -1 1 1 1 1 -1 1 -1 1 -1 1 -1 -1 -1 -1 -1 1 1 1 -1 1 -1
1 1 1 -1 1 -1 -1 1 -1 -1 1 -1 -1 1 -1 1 1 -1 1 -1 1 -1 1 -1 1 -1 -1 1 1 -1 -1 -1 1 -1 1
1 1 1 -1 1 1 -1 1 1 -1 1 1 -1 1 1 1 1 -1 -1 -1 -1 -1 -1 -1 -1 -1 -1 1 1 1 1 -1 -1 -1 -1
1 1 1 1 -1 -1 1 -1 -1 1 -1 -1 1 -1 -1 1 1 -1 -1 -1 -1 -1 -1 -1 -1 1 1 -1 -1 -1 -1 -1 -1 -1 -1
1 1 1 1 -1 1 1 -1 1 1 -1 1 1 -1 1 1 1 -1 1 -1 1 -1 1 -1 1 1 1 -1 -1 1 1 -1 1 -1 1
1 1 1 1 1 -1 1 1 -1 1 1 -1 1 1 -1 1 1 1 -1 1 -1 1 -1 1 -1 1 1 1 1 -1 -1 1 -1 1 -1
1 1 1 1 1 1 1 1 1 1 1 1 1 1 1 1 1 1 1 1 1 1 1 1 1 1 1 1 1 1 1 1 1 1 1