Names:
a0 a1 b0 b1 b2 a0b0 a0b1 a0b2 a1b0 a1b1 a1b2 b0b1 b1b2 a0b0b1 a0b1b2 a1b0b1 a1b1b2

Maps:
a1 a0 b0 b1 b2 a1b0 a1b1 a1b2 a0b0 a0b1 a0b2 b0b1 b1b2 a1b0b1 a1b1b2 a0b0b1 a0b1b2
a0 a1 b2 b1 b0 a0b2 a0b1 a0b0 a1b2 a1b1 a1b0 b1b2 b0b1 a0b1b2 a0b0b1 a1b1b2 a1b0b1

-a0 a1 b0 b1 b2 -a0b0 -a0b1 -a0b2 a1b0 a1b1 a1b2 b0b1 b1b2 -a0b0b1 -a0b1b2 a1b0b1 a1b1b2
a0 -a1 b0 b1 b2 a0b0 a0b1 a0b2 -a1b0 -a1b1 -a1b2 b0b1 b1b2 a0b0b1 a0b1b2 -a1b0b1 -a1b1b2
a0 a1 -b0 b1 b2 -a0b0 a0b1 a0b2 -a1b0 a1b1 a1b2 -b0b1 b1b2 -a0b0b1 a0b1b2 -a1b0b1 a1b1b2
a0 a1 b0 -b1 b2 a0b0 -a0b1 a0b2 a1b0 -a1b1 a1b2 -b0b1 -b1b2 -a0b0b1 -a0b1b2 -a1b0b1 -a1b1b2
a0 a1 b0 b1 -b2 a0b0 a0b1 -a0b2 a1b0 a1b1 -a1b2 b0b1 -b1b2 a0b0b1 -a0b1b2 a1b0b1 -a1b1b2

Vertices:
-1 -1 -1 -1 -1 1 1 1 1 1 1 1 1 -1 -1 -1 -1
-1 -1 -1 -1 1 1 1 -1 1 1 -1 1 -1 -1 1 -1 1
-1 -1 -1 1 -1 1 -1 1 1 -1 1 -1 -1 1 1 1 1
-1 -1 -1 1 1 1 -1 -1 1 -1 -1 -1 1 1 -1 1 -1
-1 -1 1 -1 -1 -1 1 1 -1 1 1 -1 1 1 -1 1 -1
-1 -1 1 -1 1 -1 1 -1 -1 1 -1 -1 -1 1 1 1 1
-1 -1 1 1 -1 -1 -1 1 -1 -1 1 1 -1 -1 1 -1 1
-1 -1 1 1 1 -1 -1 -1 -1 -1 -1 1 1 -1 -1 -1 -1
-1 1 -1 -1 -1 1 1 1 -1 -1 -1 1 1 -1 -1 1 1
-1 1 -1 -1 1 1 1 -1 -1 -1 1 1 -1 -1 1 1 -1
-1 1 -1 1 -1 1 -1 1 -1 1 -1 -1 -1 1 1 -1 -1
-1 1 -1 1 1 1 -1 -1 -1 1 1 -1 1 1 -1 -1 1
-1 1 1 -1 -1 -1 1 1 1 -1 -1 -1 1 1 -1 -1 1
-1 1 1 -1 1 -1 1 -1 1 -1 1 -1 -1 1 1 -1 -1
-1 1 1 1 -1 -1 -1 1 1 1 -1 1 -1 -1 1 1 -1
-1 1 1 1 1 -1 -1 -1 1 1 1 1 1 -1 -1 1 1
1 -1 -1 -1 -1 -1 -1 -1 1 1 1 1 1 1 1 -1 -1
1 -1 -1 -1 1 -1 -1 1 1 1 -1 1 -1 1 -1 -1 1
1 -1 -1 1 -1 -1 1 -1 1 -1 1 -1 -1 -1 -1 1 1
1 -1 -1 1 1 -1 1 1 1 -1 -1 -1 1 -1 1 1 -1
1 -1 1 -1 -1 1 -1 -1 -1 1 1 -1 1 -1 1 1 -1
1 -1 1 -1 1 1 -1 1 -1 1 -1 -1 -1 -1 -1 1 1
1 -1 1 1 -1 1 1 -1 -1 -1 1 1 -1 1 -1 -1 1
1 -1 1 1 1 1 1 1 -1 -1 -1 1 1 1 1 -1 -1
1 1 -1 -1 -1 -1 -1 -1 -1 -1 -1 1 1 1 1 1 1
1 1 -1 -1 1 -1 -1 1 -1 -1 1 1 -1 1 -1 1 -1
1 1 -1 1 -1 -1 1 -1 -1 1 -1 -1 -1 -1 -1 -1 -1
1 1 -1 1 1 -1 1 1 -1 1 1 -1 1 -1 1 -1 1
1 1 1 -1 -1 1 -1 -1 1 -1 -1 -1 1 -1 1 -1 1
1 1 1 -1 1 1 -1 1 1 -1 1 -1 -1 -1 -1 -1 -1
1 1 1 1 -1 1 1 -1 1 1 -1 1 -1 1 -1 1 -1
1 1 1 1 1 1 1 1 1 1 1 1 1 1 1 1 1